v <- c(1:10)
